0.000000000000000000e+00 6.454743312491703078e-01 2.830189805775080725e-01 8.325485923859687887e-01 5.634624946509331211e-01 9.567735628349819388e-01 8.088695402035994686e-01 1.000000000000000000e+00 6.454743312491703078e-01 0.000000000000000000e+00 8.325485923859687887e-01 2.830189805775080725e-01 9.567735628349819388e-01 5.634624946509331211e-01 1.000000000000000000e+00 8.088695402035994686e-01 2.830189805775080725e-01 8.325485923859687887e-01 0.000000000000000000e+00 8.759167291967584479e-01 2.830189805775080725e-01 8.325485923859687887e-01 5.282239631314648021e-01 7.574132705216708450e-01 8.325485923859687887e-01 2.830189805775080725e-01 8.759167291967584479e-01 0.000000000000000000e+00 8.325485923859687887e-01 2.830189805775080725e-01 7.574132705216708450e-01 5.282239631314648021e-01 5.634624946509331211e-01 9.567735628349819388e-01 2.830189805775080725e-01 8.325485923859687887e-01 0.000000000000000000e+00 6.454743312491703078e-01 2.487165439972871261e-01 4.916988501626847752e-01 9.567735628349819388e-01 5.634624946509331211e-01 8.325485923859687887e-01 2.830189805775080725e-01 6.454743312491703078e-01 0.000000000000000000e+00 4.916988501626847752e-01 2.487165439972871261e-01 8.088695402035994686e-01 1.000000000000000000e+00 5.282239631314648021e-01 7.574132705216708450e-01 2.487165439972871261e-01 4.916988501626847752e-01 0.000000000000000000e+00 2.748000553869403562e-01 1.000000000000000000e+00 8.088695402035994686e-01 7.574132705216708450e-01 5.282239631314648021e-01 4.916988501626847752e-01 2.487165439972871261e-01 2.748000553869403562e-01 0.000000000000000000e+00
1.000000000000000222e+00 5.620472346901383975e-01 5.411902776599551990e-01 4.462475662592627068e-01 4.519748575879448116e-01 4.422300056032242854e-01 4.280529098468362492e-01 3.910366196454897469e-01 5.620472346901383975e-01 1.000000000000000222e+00 4.404621398602110993e-01 5.351798308246551450e-01 4.089616467370579267e-01 4.381724932853395815e-01 3.906298618920457377e-01 3.824663511426704132e-01 5.411902776599551990e-01 4.404621398602110993e-01 1.000000000000000222e+00 4.796976168532656737e-01 6.134603522720292190e-01 4.783335753779623944e-01 5.296503953302805767e-01 4.306402773938526329e-01 4.462475662592627068e-01 5.351798308246551450e-01 4.796976168532656737e-01 1.000000000000000222e+00 4.569107610569884126e-01 5.617241375252293167e-01 4.279283067379954231e-01 5.249145481770393085e-01 4.519748575879448116e-01 4.089616467370579267e-01 6.134603522720291080e-01 4.569107610569884126e-01 1.000000000000000000e+00 5.425377053833688734e-01 6.160159844741139867e-01 4.435389808409421208e-01 4.422300056032242854e-01 4.381724932853395815e-01 4.783335753779623944e-01 5.617241375252293167e-01 5.425377053833688734e-01 1.000000000000000222e+00 4.528534907912853957e-01 5.354959806518825305e-01 4.280529098468362492e-01 3.906298618920457377e-01 5.296503953302805767e-01 4.279283067379954231e-01 6.160159844741139867e-01 4.528534907912853957e-01 1.000000000000000000e+00 5.753576924155638928e-01 3.910366196454897469e-01 3.824663511426704132e-01 4.306402773938526884e-01 5.249145481770393085e-01 4.435389808409421208e-01 5.354959806518825305e-01 5.753576924155638928e-01 1.000000000000000222e+00
-2.881777855527951626e-01 2.291427964539894113e-01 1.878832802910620700e-02 3.757317101437335216e-01 2.131933121411828114e-01 4.511809831517017977e-01 3.670455082252866430e-01 4.923929605359982919e-01 2.291427964539894113e-01 -2.881777855527951626e-01 3.774695862728532636e-01 2.059379773175834191e-02 4.611744188538616784e-01 2.173393850133300831e-01 4.925151459275816657e-01 3.807391907157724464e-01 1.878832802910620700e-02 3.774695862728532636e-01 -2.881777855527951626e-01 3.916024503272755863e-01 -2.920778414390760164e-03 3.660934388254347138e-01 1.688003308758078413e-01 3.355157056098740376e-01 3.757317101437335216e-01 2.059379773175834191e-02 3.916024503272755863e-01 -2.881777855527951626e-01 3.725286080003617495e-01 1.262019063746982681e-02 3.363303506750087712e-01 1.702229253660129393e-01 2.131933121411828114e-01 4.611744188538616784e-01 -2.920778414390732408e-03 3.725286080003617495e-01 -2.881777855527951071e-01 2.350032366245108917e-01 -2.418914397328767243e-02 1.728381635975399233e-01 4.511809831517017977e-01 2.173393850133300831e-01 3.660934388254347138e-01 1.262019063746982681e-02 2.350032366245108917e-01 -2.881777855527951626e-01 1.700401910056141552e-01 -1.852854654069840956e-06 3.670455082252866430e-01 4.925151459275816657e-01 1.688003308758078413e-01 3.363303506750087712e-01 -2.418914397328767243e-02 1.700401910056141552e-01 -2.881777855527951071e-01 3.612825906355168065e-03 4.923929605359982919e-01 3.807391907157724464e-01 3.355157056098740376e-01 1.702229253660129393e-01 1.728381635975399233e-01 -1.852854654069840956e-06 3.612825906355168065e-03 -2.881777855527951626e-01
